-5.0 4.454844734788726
-4.99 4.6304090619624745
-4.98 4.489102600529573
-4.97 4.495950502747054
-4.96 4.356567119814188
-4.95 4.293038080095032
-4.94 4.04712471330718
-4.93 4.157209530242998
-4.92 3.793579020227207
-4.91 3.6736785684043847
-4.9 3.665469993102712
-4.89 3.41698597945953
-4.88 3.099099439445963
-4.87 2.947595811128194
-4.86 2.7506664697726384
-4.85 2.4262339098008736
-4.84 2.3184427396970912
-4.83 2.0617046549662286
-4.82 1.7723051917140358
-4.81 1.494039153134577
-4.8 1.3309106101379828
-4.79 0.885686356305587
-4.78 0.8614168122703169
-4.77 0.640183179225257
-4.76 0.26907005611627677
-4.75 -0.06350523064486233
-4.74 -0.11337529731998375
-4.73 -0.4538592707610599
-4.72 -0.9174190515222536
-4.71 -1.1012441053399715
-4.7 -1.1140195587353179
-4.69 -1.5877755603218529
-4.68 -1.6079618963630578
-4.67 -1.8585693628337745
-4.66 -2.137338402947105
-4.65 -2.359398841129068
-4.64 -2.659205288683942
-4.63 -2.8006504166761372
-4.62 -2.8628583162719807
-4.61 -3.0789674534897102
-4.6 -3.2919418135836582
-4.59 -3.2651886034130877
-4.58 -3.3413515700174705
-4.57 -3.5094730359640756
-4.56 -3.683918270112902
-4.55 -3.687038599651383
-4.54 -3.5324316038726202
-4.53 -3.609956482397738
-4.52 -4.123853463058428
-4.51 -3.828694717729911
-4.5 -3.8453269671542385
-4.49 -3.8918974309415155
-4.48 -3.749058031558178
-4.47 -3.8231821783698585
-4.46 -3.5654953713642956
-4.45 -3.749313825608477
-4.4399999999999995 -3.485441233350619
-4.43 -3.4961675048715946
-4.42 -3.2433565974808185
-4.41 -3.1419806357783773
-4.4 -3.0526266485388747
-4.39 -2.828794382529258
-4.38 -2.8692995044989105
-4.37 -2.531378763468072
-4.36 -2.3424723230500883
-4.35 -2.2068676424441214
-4.34 -1.9090344238849801
-4.33 -2.00876919848097
-4.32 -1.4765690957004662
-4.31 -1.3891219537699007
-4.3 -0.8063333902403385
-4.29 -1.0259693064203297
-4.28 -0.5836986960335419
-4.27 -0.38822944383655894
-4.26 -0.21200050130797632
-4.25 -0.13590457224551317
-4.24 0.2125175649457015
-4.23 0.5430904588247634
-4.22 0.6105534517514837
-4.21 0.8695217245025948
-4.2 1.1478426094757066
-4.1899999999999995 1.2367379074788387
-4.18 1.5670809786985669
-4.17 1.6230389884473304
-4.16 1.8708092803170473
-4.15 2.0110259097572407
-4.14 2.0961713338567765
-4.13 2.1851093335698173
-4.12 2.470212971905649
-4.11 2.6696815076087264
-4.1 2.684079332977068
-4.09 3.0298228654034234
-4.08 2.980866049791395
-4.07 2.9590531505234816
-4.06 3.05825716946852
-4.05 3.1920105978163917
-4.04 3.1694316219683207
-4.03 3.2336984356223284
-4.02 3.367065825428751
-4.01 3.3371081425902744
-4.0 3.2907225048674236
-3.99 3.368333461620174
-3.98 3.2117045485048825
-3.9699999999999998 3.3487205951391696
-3.96 3.125463642701168
-3.95 3.1903364192732693
-3.94 2.965397417431694
-3.9299999999999997 2.9991143172527113
-3.92 2.8273813272169903
-3.91 2.6822159236582777
-3.9 2.652260697310887
-3.8899999999999997 2.4923458416430924
-3.88 2.3886853039008242
-3.87 2.0137095352964787
-3.86 2.1694061121228936
-3.8499999999999996 1.7567730656757703
-3.84 1.546669302485655
-3.83 1.4858316853616065
-3.8200000000000003 1.3685023379005328
-3.81 1.15746472661668
-3.8 0.9463729599061764
-3.79 0.6869015238008483
-3.7800000000000002 0.5741462730969532
-3.77 0.4324647303839294
-3.76 0.14877793781420612
-3.75 -0.13074744731437993
-3.74 0.0173337571248883
-3.73 -0.4733172398549016
-3.7199999999999998 -0.6159734449804958
-3.71 -0.8382640559625105
-3.7 -0.8690360986953557
-3.69 -1.2322343948472732
-3.6799999999999997 -1.3197954564611551
-3.67 -1.5764291542557167
-3.66 -1.536735157253121
-3.65 -1.684374414632978
-3.6399999999999997 -1.9122297408370883
-3.63 -2.102075781367915
-3.62 -2.027814627453105
-3.61 -2.3850944810044474
-3.5999999999999996 -2.352440487610755
-3.59 -2.554079722479116
-3.58 -2.6472677579041473
-3.5700000000000003 -2.6204232705046793
-3.56 -2.75309009438237
-3.55 -2.8755776765873713
-3.54 -2.740622542285428
-3.5300000000000002 -2.9349027301397026
-3.52 -2.7757750288314855
-3.51 -2.922327613578413
-3.5 -2.891741751463085
-3.49 -2.7239399127827997
-3.48 -2.7317976936212767
-3.4699999999999998 -2.905691973842187
-3.46 -2.804201813962496
-3.45 -2.778075665287194
-3.44 -2.6460166195911397
-3.4299999999999997 -2.7099450720280682
-3.42 -2.5091901758131625
-3.41 -2.2094621747444005
-3.4 -2.3253973869890956
-3.3899999999999997 -1.9670109854594626
-3.38 -2.094596231327944
-3.37 -1.8943359871632888
-3.36 -1.4636205716938262
-3.3499999999999996 -1.8413289504957506
-3.34 -1.3763843685080908
-3.33 -1.2864726560882247
-3.3200000000000003 -1.1336805690194245
-3.31 -0.9308538431805984
-3.3 -0.8760123911115238
-3.29 -0.7882693742613134
-3.2800000000000002 -0.5959913183064833
-3.27 -0.3094345777308808
-3.26 -0.2407539617255691
-3.25 -0.10228322195453457
-3.24 0.10282855267732748
-3.23 0.2862885079757913
-3.2199999999999998 0.43784766235742767
-3.21 0.50433730775662
-3.2 0.595934373067764
-3.19 1.1538642486034585
-3.1799999999999997 1.261764918967847
-3.17 1.4551259116767135
-3.16 1.5192163097167621
-3.15 1.4904789442455797
-3.1399999999999997 1.7987799128327349
-3.13 1.8110156855778126
-3.12 2.0186895985112985
-3.11 2.160668374960288
-3.0999999999999996 1.9378746405698264
-3.09 2.315841736595373
-3.08 2.1935101172642524
-3.0700000000000003 2.2220623854681505
-3.06 2.4303009990931344
-3.05 2.336769817938636
-3.04 2.448672033129159
-3.0300000000000002 2.3904194887150036
-3.02 2.5096923033676806
-3.01 2.360160899122715
-3.0 2.331773291944516
-2.9899999999999998 2.47855645363495
-2.98 2.4669585295337457
-2.9699999999999998 2.3002863409955903
-2.96 2.464403078964721
-2.95 2.4919380799745188
-2.94 2.02900074736254
-2.93 2.1737112560275644
-2.92 2.0081016024115304
-2.91 2.0194336231470102
-2.9 1.9567889216544387
-2.89 1.7879346442137773
-2.88 1.6119264200951904
-2.87 1.5511900273917152
-2.86 1.5085905951790946
-2.85 1.3562415261456047
-2.84 1.26941342292322
-2.83 1.1271547401321727
-2.82 0.9513105097461279
-2.81 0.9212426514328562
-2.8 0.7149772946988469
-2.79 0.4212789589179312
-2.78 0.6254074443443549
-2.77 0.3914493932378181
-2.76 -0.01939547607415626
-2.75 0.07429224144673935
-2.7399999999999998 -0.029247798890608884
-2.73 -0.13521027792716958
-2.7199999999999998 -0.47631543530004417
-2.71 -0.710660892989104
-2.6999999999999997 -0.6411893243186907
-2.69 -0.8679833682207339
-2.68 -0.9061428528517819
-2.67 -1.1425607267451534
-2.66 -1.0585705944223418
-2.65 -1.197452069933506
-2.64 -1.3228856520946675
-2.63 -1.5144724794355202
-2.62 -1.7205574848500933
-2.61 -1.665398974209266
-2.6 -1.6417144794969596
-2.59 -1.8919971135504883
-2.58 -1.95871425307802
-2.57 -1.8208272601803444
-2.56 -1.9734096541350974
-2.55 -2.044829018499205
-2.54 -2.221789323323917
-2.53 -2.0652596703093797
-2.52 -2.222161611579502
-2.51 -2.067564746110755
-2.5 -2.186698312931215
-2.4899999999999998 -2.167396257740226
-2.48 -2.0853802570230306
-2.4699999999999998 -2.18176157986049
-2.46 -2.064163766828128
-2.4499999999999997 -2.014678141653428
-2.44 -1.9185706754330678
-2.43 -1.8538104238507622
-2.42 -1.9243271916782758
-2.41 -1.7932224807721997
-2.4 -1.7411278171458864
-2.39 -1.398473361579067
-2.38 -1.4472842199518634
-2.37 -1.351602217314958
-2.36 -1.1800394051161154
-2.35 -1.2271754930867473
-2.34 -1.0548090348221015
-2.33 -0.9301978761163469
-2.32 -0.8434306048009282
-2.31 -0.6406954486539892
-2.3 -0.5959103993530825
-2.29 -0.29413508304216046
-2.28 -0.42550143278200936
-2.27 -0.20025606284692674
-2.26 -0.05364562061697442
-2.25 -0.0707727182256005
-2.2399999999999998 -0.006817349447223051
-2.23 0.19899017133428645
-2.2199999999999998 0.3608631897453859
-2.21 0.47980363337659887
-2.1999999999999997 0.5331324971459865
-2.19 0.6654340671161455
-2.18 0.8445065098371162
-2.17 0.745772586893859
-2.16 0.8959044961006705
-2.15 1.1043047409084548
-2.14 1.0039885432919904
-2.13 1.2770149684208651
-2.12 1.3417955442138116
-2.11 1.4739041617773283
-2.1 1.6636211527474463
-2.09 1.5967773065454332
-2.08 1.6365073566200548
-2.07 1.6207129942933232
-2.06 1.7057257357594895
-2.05 1.6593574720677289
-2.04 1.761331582202801
-2.03 1.7366892470374264
-2.02 1.739733846191627
-2.01 1.8123783343053605
-2.0 1.8759683737594262
-1.9899999999999998 1.8043329018919207
-1.98 1.8849472808749614
-1.9699999999999998 1.7960827617432695
-1.96 1.8445932763473534
-1.9499999999999997 1.712999738105674
-1.94 1.6900101144100275
-1.9299999999999997 1.5359700964946952
-1.92 1.629259586318705
-1.9100000000000001 1.343302761567808
-1.9 1.6016792520942
-1.8900000000000001 1.311730745395891
-1.88 1.2731113328037902
-1.87 1.1233784535439706
-1.8599999999999999 1.1786606647858848
-1.85 1.1226342656427988
-1.8399999999999999 0.9239317589867581
-1.83 0.9378520889230494
-1.8199999999999998 0.7397562939234066
-1.81 0.6788137157969731
-1.7999999999999998 0.6469115353017707
-1.79 0.3986952431701411
-1.7799999999999998 0.1792306094433409
-1.77 0.2181696162134106
-1.7599999999999998 0.09281222475363726
-1.75 -0.16632645373809204
-1.7399999999999998 0.010214877400296724
-1.73 -0.19066804174975585
-1.7199999999999998 -0.2647001153945477
-1.71 -0.597656516399035
-1.6999999999999997 -0.5548874485849187
-1.69 -0.6714188102654385
-1.6799999999999997 -0.7011969697212747
-1.67 -0.8166084052648306
-1.6600000000000001 -0.9213714138765153
-1.65 -0.994126366088546
-1.6400000000000001 -0.9471286937479387
-1.63 -1.1564400658087484
-1.62 -1.0922203491744689
-1.6099999999999999 -1.177306827402485
-1.6 -1.4010720308704472
-1.5899999999999999 -1.0911257416379738
-1.58 -1.3462657238407019
-1.5699999999999998 -1.4991068703181742
-1.56 -1.5705410376759656
-1.5499999999999998 -1.5500895420815457
-1.54 -1.4409341827243345
-1.5299999999999998 -1.6378700128884933
-1.52 -1.4683540942546291
-1.5099999999999998 -1.4388401740320131
-1.5 -1.4073434771994164
-1.4899999999999998 -1.5340437499966915
-1.48 -1.5242769027436869
-1.4699999999999998 -1.5143206734419505
-1.46 -1.41516063842014
-1.4499999999999997 -1.5491392277112324
-1.44 -1.4092274473286477
-1.4299999999999997 -1.3028959527488528
-1.42 -1.529627954837774
-1.4100000000000001 -1.2602434126958006
-1.4 -1.2352802378109449
-1.3900000000000001 -1.1754552221005803
-1.38 -1.039201444928273
-1.37 -0.9959191259715265
-1.3599999999999999 -1.1297111842624041
-1.35 -0.9299653637434321
-1.3399999999999999 -0.955557066782686
-1.33 -0.6366980433728289
-1.3199999999999998 -0.7709197825865046
-1.31 -0.43681393879035485
-1.2999999999999998 -0.5056951419732569
-1.29 -0.31057490702934787
-1.2799999999999998 -0.19943180204622724
-1.27 -0.3215142725602026
-1.2599999999999998 -0.10837651408310472
-1.25 0.17825969925997853
-1.2399999999999998 -0.031617681080766
-1.23 0.0851623160979668
-1.2199999999999998 0.3567103128385205
-1.21 0.4386032740155811
-1.1999999999999997 0.5097666473012431
-1.19 0.588580316826131
-1.1799999999999997 0.44746356042690505
-1.17 0.7523897805875444
-1.1600000000000001 0.7157505505218695
-1.15 0.8789735927205861
-1.1400000000000001 0.7679262744988474
-1.13 1.0388904623227686
-1.12 1.0499112456470416
-1.1099999999999999 1.1974729094602292
-1.1 0.9571767896672158
-1.0899999999999999 1.1237887279630006
-1.08 1.0309746614689854
-1.0699999999999998 1.2225212318905738
-1.06 1.30854251852076
-1.0499999999999998 1.2400130129671574
-1.04 1.3098707331027202
-1.0299999999999998 1.3108669403587103
-1.02 1.323470010902556
-1.0099999999999998 1.4576826665090803
-1.0 1.5579505568836611
-0.9900000000000002 1.4350302981154135
-0.9799999999999995 1.2541991523633098
-0.9699999999999998 1.2731786905820883
-0.96 1.2870222343358368
-0.9500000000000002 1.4274627726440694
-0.9399999999999995 1.2128555910040226
-0.9299999999999997 1.06705571827014
-0.9199999999999999 1.073039194196683
-0.9100000000000001 1.0074815134359254
-0.9000000000000004 0.9337438293589888
-0.8899999999999997 0.9884694052476155
-0.8799999999999999 0.9776459435865137
-0.8700000000000001 0.809886546426922
-0.8600000000000003 0.8168781832867446
-0.8499999999999996 0.9027035654002062
-0.8399999999999999 0.6661769177315859
-0.8300000000000001 0.5602040282159083
-0.8200000000000003 0.5547332759647315
-0.8099999999999996 0.5421466727181992
-0.7999999999999998 0.3332691559597642
-0.79 0.5284736042088131
-0.7800000000000002 0.3433562862955389
-0.7699999999999996 0.09875533539770898
-0.7599999999999998 -0.03213248268989394
-0.75 0.06072240933381437
-0.7400000000000002 -0.31452892837244306
-0.7299999999999995 -0.11704718583761749
-0.7199999999999998 -0.265860284794948
-0.71 -0.2886533600147556
-0.7000000000000002 -0.3704488050867404
-0.6899999999999995 -0.6246075841689726
-0.6799999999999997 -0.4120567515902965
-0.6699999999999999 -0.6527966322210135
-0.6600000000000001 -0.5715166659980825
-0.6499999999999995 -0.6467700597960379
-0.6399999999999997 -0.7653716295578645
-0.6299999999999999 -0.732998244661248
-0.6200000000000001 -0.869513646183953
-0.6100000000000003 -0.8920271251804022
-0.5999999999999996 -1.0628401343704106
-0.5899999999999999 -1.1200426277158733
-0.5800000000000001 -1.0770979143681116
-0.5700000000000003 -0.9648680888222853
-0.5599999999999996 -1.3353654650734448
-0.5499999999999998 -0.9822593599366789
-0.54 -1.2005217468803406
-0.5300000000000002 -1.0785451047033365
-0.5199999999999996 -1.1132800341454616
-0.5099999999999998 -1.0366141006548353
-0.5 -1.1260837802429833
-0.4900000000000002 -1.3333249942299659
-0.47999999999999954 -1.152824659223623
-0.46999999999999975 -1.101889365646229
-0.45999999999999996 -1.0667154932066183
-0.4500000000000002 -1.2877113903405013
-0.4399999999999995 -1.0553895850534034
-0.4299999999999997 -1.0292243093758913
-0.41999999999999993 -0.9664419973408342
-0.41000000000000014 -1.1918845562706213
-0.39999999999999947 -0.9553138158463544
-0.3899999999999997 -0.9572441026810148
-0.3799999999999999 -0.995895608615954
-0.3700000000000001 -0.8662795334547397
-0.3600000000000003 -0.6443296792954372
-0.34999999999999964 -0.6407963735395483
-0.33999999999999986 -0.642865234971136
-0.33000000000000007 -0.4969370378594943
-0.3200000000000003 -0.5436348734131853
-0.3099999999999996 -0.3867735908826829
-0.2999999999999998 -0.24566414142700663
-0.29000000000000004 -0.25874213214014613
-0.28000000000000025 -0.17363075372224918
-0.2699999999999996 -0.2482823408827355
-0.2599999999999998 -0.09166126577706457
-0.25 -0.09242354181446087
-0.2400000000000002 0.10281387375408721
-0.22999999999999954 0.22747233827768246
-0.21999999999999975 0.25233957250767924
-0.20999999999999996 0.22258387606344104
-0.20000000000000018 0.09416022122871151
-0.1899999999999995 0.48659223142658126
-0.17999999999999972 0.45904557152569286
-0.16999999999999993 0.48664464846473016
-0.16000000000000014 0.5802878279901036
-0.14999999999999947 0.4463899406217383
-0.13999999999999968 0.8186853776079671
-0.1299999999999999 0.8172764981677093
-0.1200000000000001 0.6922395389202995
-0.11000000000000032 0.7325236229453317
-0.09999999999999964 0.8364422466051503
-0.08999999999999986 0.7639609521518408
-0.08000000000000007 1.0214136566728902
-0.07000000000000028 0.8369973432654483
-0.05999999999999961 0.8439170801013846
-0.04999999999999982 0.731736749429363
-0.040000000000000036 1.1699950152617187
-0.03000000000000025 1.0834694284215507
-0.019999999999999574 1.0272167141203914
-0.009999999999999787 1.1576701402713165
0.0 0.9453578358763878
0.009999999999999787 0.89194498412897
0.020000000000000462 1.0746791571858971
0.03000000000000025 0.9154747344417536
0.040000000000000036 1.0756610362691306
0.04999999999999982 0.9842278799661195
0.0600000000000005 0.997472784271046
0.07000000000000028 0.9445718688597399
0.08000000000000007 0.8309234938179308
0.08999999999999986 0.786371520770779
0.10000000000000053 0.9294613583671327
0.11000000000000032 0.5351019225359617
0.1200000000000001 0.704385923298644
0.1299999999999999 0.7419328671581933
0.13999999999999968 0.3922562615494928
0.15000000000000036 0.5425645770408629
0.16000000000000014 0.5435608805379303
0.16999999999999993 0.32342047272793334
0.17999999999999972 0.4914512965195635
0.1900000000000004 0.29424270388362217
0.20000000000000018 0.17252085118888305
0.20999999999999996 0.13831352935554223
0.21999999999999975 0.1434202334440784
0.23000000000000043 0.14207865451539023
0.2400000000000002 0.09368310071823224
0.25 0.029760853782895714
0.2599999999999998 0.005212320130945247
0.27000000000000046 -0.19266206234816796
0.28000000000000025 -0.15596085895389883
0.29000000000000004 -0.31202400836371347
0.2999999999999998 -0.3578879869838074
0.3100000000000005 -0.5171936590927161
0.3200000000000003 -0.3720634912955458
0.33000000000000007 -0.41955996802925305
0.33999999999999986 -0.47725546538009644
0.35000000000000053 -0.4441942115615393
0.3600000000000003 -0.5968174634059376
0.3700000000000001 -0.6900428437381123
0.3799999999999999 -0.6846093324312768
0.3899999999999997 -0.7367057768946262
0.40000000000000036 -0.784390173636086
0.41000000000000014 -0.7214693731354341
0.41999999999999993 -0.7418443828008225
0.4299999999999997 -0.8332259324928979
0.4400000000000004 -0.8154334459708095
0.4500000000000002 -0.6904820040624401
0.45999999999999996 -0.8950385570290248
0.46999999999999975 -0.7087516872292352
0.4800000000000004 -0.9317329903983532
0.4900000000000002 -0.9130046896692974
0.5 -0.6923800891748774
0.5099999999999998 -0.904633214847658
0.5200000000000005 -0.828355961758717
0.5300000000000002 -0.8120515968521439
0.54 -0.8149100987788414
0.5499999999999998 -0.7203042680876426
0.5600000000000005 -0.898622878320781
0.5700000000000003 -0.835058138857248
0.5800000000000001 -0.665094051507204
0.5899999999999999 -0.6410663463508081
0.6000000000000005 -0.9340418940937634
0.6100000000000003 -0.5154910101756698
0.6200000000000001 -0.5382656556056309
0.6299999999999999 -0.43506374316930696
0.6399999999999997 -0.5722535011437643
0.6500000000000004 -0.21897552783433527
0.6600000000000001 -0.41359881162476236
0.6699999999999999 -0.37209107237424716
0.6799999999999997 -0.32015598501139697
0.6900000000000004 -0.15751380504473364
0.7000000000000002 -0.28098767127577384
0.71 -0.3566956385366432
0.7199999999999998 -0.10534522703371751
0.7300000000000004 -0.11524573702719196
0.7400000000000002 -0.010160472158566677
0.75 -0.02587953407853533
0.7599999999999998 0.07633072262502621
0.7700000000000005 0.061346609616294664
0.7800000000000002 -0.021925887819968015
0.79 -0.10129827030927457
0.7999999999999998 0.26085455238652905
0.8100000000000005 0.2678502391445899
0.8200000000000003 0.32206520529198984
0.8300000000000001 0.5447995612603889
0.8399999999999999 0.2935649767542026
0.8500000000000005 0.353970244648483
0.8600000000000003 0.39697417709531135
0.8700000000000001 0.438457793244706
0.8799999999999999 0.4391328938159986
0.8899999999999997 0.6089567262586759
0.9000000000000004 0.6297542841702333
0.9100000000000001 0.6834686393715222
0.9199999999999999 0.5142434721766345
0.9299999999999997 0.6893201216654252
0.9400000000000004 0.6132780822711114
0.9500000000000002 0.702924727802241
0.96 0.7655774618605682
0.9699999999999998 0.7564510450043683
0.9800000000000004 0.7277508160323648
0.9900000000000002 0.7117577034010861
1.0 0.7887628302696431
1.0099999999999998 0.701857502563705
1.0200000000000005 0.664531519185919
1.0300000000000002 0.7775949278342412
1.04 0.855063426349644
1.0499999999999998 0.7332207195269819
1.0600000000000005 0.5813360784514119
1.0700000000000003 0.716622180140837
1.08 0.6624917726426096
1.0899999999999999 0.7142220326216813
1.1000000000000005 0.5502670836110246
1.1100000000000003 0.4783898252328589
1.12 0.43167558028852887
1.13 0.5782633718513773
1.1400000000000006 0.388068070442239
1.1500000000000004 0.58753369751464
1.1600000000000001 0.5521618525427014
1.17 0.4271592498769433
1.1799999999999997 0.20993732872518323
1.1900000000000004 0.3112225061905613
1.2000000000000002 0.29818470783455187
1.21 0.13485175908215513
1.2199999999999998 0.048909656073331864
1.2300000000000004 0.10131359510026952
1.2400000000000002 -0.044962139861688795
1.25 -0.0032295906671155716
1.2599999999999998 0.05296408499532
1.2700000000000005 -0.21984941712392048
1.2800000000000002 -0.22839812738322796
1.29 -0.054660193297560083
1.2999999999999998 -0.03940145989453808
1.3100000000000005 -0.2546725755683815
1.3200000000000003 -0.31126410228207374
1.33 -0.31307976371097596
1.3399999999999999 -0.2355950569668116
1.3500000000000005 -0.43149758509994196
1.3600000000000003 -0.3613927735210537
1.37 -0.4593916463018956
1.38 -0.4668094153425859
1.3900000000000006 -0.4835675585999367
1.4000000000000004 -0.5253920867774771
1.4100000000000001 -0.5918222792220581
1.42 -0.6544226902542958
1.4299999999999997 -0.5833348568700731
1.4400000000000004 -0.7280477592802883
1.4500000000000002 -0.5183675468461314
1.46 -0.5327148882828804
1.4699999999999998 -0.6594457268975633
1.4800000000000004 -0.7178405238305234
1.4900000000000002 -0.8450654735349279
1.5 -0.5088156583747347
1.5099999999999998 -0.6697126998092918
1.5200000000000005 -0.6348343334915627
1.5300000000000002 -0.600092130675093
1.54 -0.48157058542845865
1.5499999999999998 -0.48666227315993593
1.5600000000000005 -0.5836049614470732
1.5700000000000003 -0.44605948608114754
1.58 -0.5357757041497921
1.5899999999999999 -0.4646459313076998
1.6000000000000005 -0.6394121133168418
1.6100000000000003 -0.4205342872573359
1.62 -0.2637273116795466
1.63 -0.38470064490826916
1.6400000000000006 -0.4332903051511482
1.6500000000000004 -0.47985919240669145
1.6600000000000001 -0.380213642509926
1.67 -0.15280629082434968
1.6799999999999997 -0.2083917478085401
1.6900000000000004 -0.15526777943799663
1.7000000000000002 -0.1075627126021504
1.71 -0.25177942663920705
1.7199999999999998 -0.1745158417938993
1.7300000000000004 -0.021027728119794767
1.7400000000000002 -0.06326957082803103
1.75 0.10616124636599951
1.7599999999999998 0.11641232879117439
1.7700000000000005 0.11347472356393912
1.7800000000000002 0.15431548160215586
1.79 0.19871241978730525
1.7999999999999998 0.19722441667159163
1.8100000000000005 0.17716750300789935
1.8200000000000003 0.3573584222612113
1.83 0.13252671455983767
1.8399999999999999 0.42083320657360496
1.8500000000000005 0.3979805873262726
1.8600000000000003 0.5784074128384019
1.87 0.4983055953517903
1.88 0.29567053957781797
1.8900000000000006 0.4333105611901426
1.9000000000000004 0.5392726292572304
1.9100000000000001 0.3946759386472588
1.92 0.5730513310480417
1.9299999999999997 0.47370761694502644
1.9400000000000004 0.46160293469781477
1.9500000000000002 0.5544310248010629
1.96 0.47968949106709735
1.9699999999999998 0.5493141998330848
1.9800000000000004 0.5627586762875456
1.9900000000000002 0.519282609935703
2.0 0.48467583837580597
2.01 0.6960223544614272
2.0200000000000005 0.6260131945989502
2.0300000000000002 0.5296034956478105
2.04 0.5133795706801769
2.05 0.7215302083020079
2.0600000000000005 0.5534676021614269
2.0700000000000003 0.45010269078381776
2.08 0.4835389590227336
2.09 0.7327493442783275
2.1000000000000005 0.43344568472052053
2.1100000000000003 0.42067094023815155
2.12 0.28605895535534526
2.13 0.4721874023370079
2.1400000000000006 0.30891012409659074
2.1500000000000004 0.3721931672591509
2.16 0.4288295639080124
2.17 0.2357598205939333
2.1799999999999997 0.3397763199419012
2.1900000000000004 0.12823219600460944
2.2 0.12474834100938312
2.21 0.18610570597349277
2.2199999999999998 0.3014808550824145
2.2300000000000004 0.11079499707965776
2.24 0.18374062463044052
2.25 -0.06581430501014178
2.26 -0.24786729522244572
2.2700000000000005 -0.05769005619301832
2.2800000000000002 -0.2053279373335033
2.29 -0.23741204331907945
2.3 -0.016254300920289066
2.3100000000000005 -0.17933556016244243
2.3200000000000003 -0.14284402837155358
2.33 -0.2796535564634678
2.34 -0.2418242705493389
2.3500000000000005 -0.4377399891104053
2.3600000000000003 -0.5996221852051815
2.37 -0.06030272363135053
2.38 -0.5309281620387207
2.3900000000000006 -0.4250734414649517
2.4000000000000004 -0.5091211775279213
2.41 -0.5620107104007336
2.42 -0.2951249897327376
2.4299999999999997 -0.5167096506203872
2.4400000000000004 -0.494594209262729
2.45 -0.5809320603215024
2.46 -0.29131589044594586
2.4699999999999998 -0.3598352575300921
2.4800000000000004 -0.37330276890903286
2.49 -0.3883634940365417
2.5 -0.4259174066339101
2.51 -0.5389689189277018
2.5200000000000005 -0.40506840705948643
2.5300000000000002 -0.5282635499121076
2.54 -0.3254537289405265
2.55 -0.4015215601603733
2.5600000000000005 -0.4455784807171039
2.5700000000000003 -0.312346548067911
2.58 -0.38447730189913776
2.59 -0.45139405216817674
2.6000000000000005 -0.4518294360153626
2.6100000000000003 -0.3543509091687608
2.62 -0.44346382973564785
2.63 -0.09851572534662872
2.6400000000000006 -0.31446956828942896
2.6500000000000004 -0.31551966176198243
2.66 -0.26606063385113526
2.67 -0.1394194682753604
2.6799999999999997 -0.18219370319418618
2.6900000000000004 -0.16258082120562156
2.7 -0.26882805274571875
2.71 -0.08108428994466456
2.7199999999999998 -0.16336638213338953
2.7300000000000004 0.04659858549468907
2.74 -0.11003827088071845
2.75 -0.1131230408875459
2.76 -0.07653571883709923
2.7700000000000005 0.10837493386822138
2.7800000000000002 0.106322725390628
2.79 0.06679157393721288
2.8 0.0769342396975071
2.8100000000000005 0.24433144502954846
2.8200000000000003 0.16593057815146534
2.83 0.35083004460802847
2.84 -0.0005176597333559074
2.8500000000000005 0.23482590909200024
2.8600000000000003 0.30305357412422457
2.87 0.48478170916532015
2.88 0.36987355380987263
2.8900000000000006 0.3397777310838546
2.9000000000000004 0.21210198992466062
2.91 0.4440184881671453
2.92 0.2805879817260451
2.9300000000000006 0.3258202181121659
2.9400000000000004 0.48818614124345
2.95 0.4269091400487217
2.96 0.3235996727881267
2.9699999999999998 0.4977562222056648
2.9800000000000004 0.45148889016198523
2.99 0.35786310997314935
3.0 0.378136007641419
3.01 0.3574812121096432
3.0199999999999996 0.3193343740645096
3.0299999999999994 0.42347936119252716
3.040000000000001 0.36662934542261705
3.0500000000000007 0.33213875480049815
3.0600000000000005 0.45629874150632416
3.0700000000000003 0.46591548980956504
3.08 0.513427156922719
3.09 0.28918247723908336
3.0999999999999996 0.39258510696278615
3.1099999999999994 0.25240247427622436
3.120000000000001 0.3142889586008995
3.130000000000001 0.20939023039969296
3.1400000000000006 0.2538877198549646
3.1500000000000004 0.2525493086174837
3.16 0.2790385425280076
3.17 0.22570349953285268
3.1799999999999997 0.17294056350165157
3.1899999999999995 0.06390885356187513
3.1999999999999993 0.12869367241836283
3.210000000000001 0.040477542447273474
3.2200000000000006 -0.07996254707693357
3.2300000000000004 0.15895722095641993
3.24 -0.021451489436078323
3.25 0.01350481694767625
3.26 -0.012499137942951679
3.2699999999999996 -0.10706801226073029
3.2799999999999994 -0.10343190913420405
3.290000000000001 -0.23962231090558717
3.3000000000000007 -0.06910478153462016
3.3100000000000005 -0.07027219017407958
3.3200000000000003 -0.07871796768706085
3.33 -0.29404237211278084
3.34 -0.14282371675884756
3.3499999999999996 -0.39241537712770774
3.3599999999999994 -0.11450452442282952
3.370000000000001 -0.2108986892687072
3.380000000000001 -0.3832890166319878
3.3900000000000006 -0.29819543799438786
3.4000000000000004 -0.19568310752068824
3.41 -0.43420796685282886
3.42 -0.31772636324287534
3.4299999999999997 -0.04466428175169279
3.4399999999999995 -0.2921912024152251
3.4499999999999993 -0.40178505248162766
3.460000000000001 -0.32881789383220283
3.4700000000000006 -0.36910567471409683
3.4800000000000004 -0.2968641042994138
3.49 -0.21758679083400645
3.5 -0.31351293208915365
3.51 -0.3761164408456227
3.5199999999999996 -0.39207458790529004
3.5299999999999994 -0.4179564300026014
3.540000000000001 -0.23834111264464894
3.5500000000000007 -0.3445670529058805
3.5600000000000005 -0.3645952755943336
3.5700000000000003 -0.31546042621270826
3.58 -0.2717619648023262
3.59 -0.24595705987756022
3.5999999999999996 -0.329591488464885
3.6099999999999994 -0.1355727630463087
3.620000000000001 -0.20431166315342755
3.630000000000001 -0.4560022036712442
3.6400000000000006 -0.165441001088508
3.6500000000000004 -0.21548174555971117
3.66 -0.2120741509941732
3.67 -0.29498505157626975
3.6799999999999997 -0.1245285508635952
3.6899999999999995 -0.1048972594038413
3.700000000000001 -0.28577650015167383
3.710000000000001 -0.040980972257949555
3.7200000000000006 -0.06226915208290624
3.7300000000000004 -0.04545492766062802
3.74 -0.10829132494464208
3.75 -0.0266538927294622
3.76 0.13426120296902327
3.7699999999999996 0.01876910263209224
3.7799999999999994 0.14261705825556517
3.790000000000001 -0.11402993474628659
3.8000000000000007 0.07457913256494296
3.8100000000000005 0.16289495748529254
3.8200000000000003 0.20245222773637978
3.83 0.029220557333650865
3.84 0.17161118939738687
3.8499999999999996 0.3483800584435451
3.8599999999999994 0.24690054597773609
3.870000000000001 0.2724926976242612
3.880000000000001 0.2850172042146626
3.8900000000000006 0.29300083688613116
3.9000000000000004 0.15912283844449293
3.91 0.29767698724705005
3.92 0.1419361881051396
3.9299999999999997 0.21919582251072384
3.9399999999999995 0.27567589794376757
3.950000000000001 0.30354109270947194
3.960000000000001 0.42583256184873075
3.9700000000000006 0.30222072461990646
3.9800000000000004 0.45325562665467367
3.99 0.3688460503075316
4.0 0.3301499861908685
4.01 0.19414281589805688
4.02 0.2904653831497482
4.029999999999999 0.2494864900659155
4.040000000000001 0.21236605373820217
4.050000000000001 0.16958092379676232
4.0600000000000005 0.25611324236836014
4.07 0.1703579500332768
4.08 0.3100294400531033
4.09 0.15867584989182926
4.1 0.2520067420153758
4.109999999999999 0.3399734926252357
4.120000000000001 0.22590333384947023
4.130000000000001 0.31606207698509636
4.140000000000001 0.24725172123536915
4.15 0.044630731774831026
4.16 0.21606852054546105
4.17 0.12099362942628814
4.18 0.13769499851721598
4.1899999999999995 0.09519346276462218
4.200000000000001 0.14863773386786466
4.210000000000001 0.137627259060498
4.220000000000001 -0.06865527231958204
4.23 -0.03758393603268562
4.24 0.030068600451046104
4.25 -0.11798366765844057
4.26 -0.0611940246143874
4.27 0.06326456624953689
4.279999999999999 -0.10298307454990244
4.290000000000001 -0.135920625920857
4.300000000000001 -0.10851180506664351
4.3100000000000005 -0.055662540910538794
4.32 -0.13713531815424412
4.33 -0.25929630057560216
4.34 -0.08573260868121373
4.35 -0.07900931685914894
4.359999999999999 -0.12653307448500856
4.370000000000001 -0.0504641263695251
4.380000000000001 -0.2010689735701113
4.390000000000001 -0.15269537617941253
4.4 -0.2099187002564602
4.41 -0.22058269070316128
4.42 -0.21690381776035977
4.43 -0.2639939871584497
4.4399999999999995 -0.17512634868413868
4.450000000000001 -0.22165909704433143
4.460000000000001 -0.2588777114192623
4.470000000000001 -0.29817415791552965
4.48 -0.1637409184665837
4.49 -0.23455964047354
4.5 -0.32783838707893453
4.51 -0.2552975683521506
4.52 -0.23971738229691772
4.529999999999999 -0.4262153264484033
4.540000000000001 -0.17788164930576175
4.550000000000001 -0.28717205866886253
4.5600000000000005 -0.29368201999102134
4.57 -0.1206859275945911
4.58 -0.18907591548508065
4.59 -0.20806551018269653
4.6 -0.24500314738373064
4.609999999999999 -0.2369394486260109
4.620000000000001 -0.2401039894445749
4.630000000000001 -0.19741828417974244
4.640000000000001 -0.040921399509303846
4.65 -0.15034371903989868
4.66 -0.12817833747087135
4.67 -0.1035128071248845
4.68 0.014435202502162847
4.6899999999999995 -0.17293841640257357
4.700000000000001 -0.07241045388913868
4.710000000000001 0.01513152663224513
4.720000000000001 -0.004292399589601585
4.73 -0.12549074693916054
4.74 0.08900536624134654
4.75 -0.07379384014939509
4.76 0.007717605734578591
4.77 0.2307315783209182
4.779999999999999 0.08696540669283986
4.790000000000001 0.2847646198999614
4.800000000000001 0.1499044700518805
4.8100000000000005 0.11769871262294557
4.82 0.06780002195581236
4.83 0.0911858410789571
4.84 -0.009228995674892215
4.85 0.16222130157553533
4.859999999999999 0.20069692651993118
4.870000000000001 0.16988489644375174
4.880000000000001 0.1819839633606642
4.890000000000001 0.07561995396656855
4.9 0.18073397979733458
4.91 0.2686979477601461
4.92 0.21805863810535323
4.93 0.33480305640605734
4.9399999999999995 0.04127784650441538
4.950000000000001 0.42330154307180295
4.960000000000001 0.26262914249951724
4.970000000000001 0.44870229684206486
4.98 0.40778572300322685
4.99 0.21350547742337117
5.0 0.11208431901571578
